# Timestamp(s) WAF User_Writes GC_Writes Total_Writes
15365.56 0.0000
15375.57 1.0000
15385.57 1.0000
15395.57 1.0000
15405.57 1.2278
15415.57 1.1273
15425.57 1.1311
15435.57 1.1649
15445.59 1.1367
15455.59 1.2065
15465.59 1.1431
15475.59 1.1709
15485.59 1.1915
15495.61 1.1358
15505.62 1.1867
15515.62 1.1791
15525.62 1.1354
15535.62 1.1955
15545.62 1.1764
15555.62 1.1293
15565.62 1.2053
15575.62 1.1715
15585.62 1.1289
15595.62 1.2131
15605.62 1.1692
15615.62 1.1261
15625.62 1.2149
15635.62 1.1633
15645.62 1.1239
15655.62 1.2178
15665.62 1.1582
15680.46 1.1236
